2000
15(2),8,9,10,11(2),12,14,16,17(2),20,21(2),23,24,25,26,27,28(2),29(2),32,35,37,38(2),42(2),47(2),48,49,50(2),52(2),54,56,57,58,59(2),62(2),63,68(2),69,71,72(2),73,74,75,76,79,80,81,82,83(2),86,88,91,99,101,103,108,112,113,115,118,119(2),122(2),123,124(2),126,132(2),134,135,137,138,139,144,145,146,147,148,149(2),151(2),153,154,155,156(2),158(2),160(2),162(2),166,168(2),169,171(2),174,175,177,182,184,187(2),188,190(2),192,193,194,195,200(2),201(2),202(2),205(2),206,208(2),209,211,212(2),214,216,217(2),218,219,220(2),222,223(2),224(2),235,246,247,255,257,258,260,261,263,265,273,277,280,281,283,285,289,291,292,304,307,308,314,316,317,318,319,324,325,330,336,341,342,343,344,345,346,347,350,360,361,364,366,367,369,373,374,378,382,383,384,386,388,389,391,396,401,402,403,405,407,408,409,415,416,424,440,447,453,464,466,473
2001
3,8,18,21,28,29,30,31,36,37,41,42,43,46,51,53,54,55,57,59,61,65,66,68,69,76,77,82,84,86,88,91,92,93,94,97,105,108,111,112,117,118,121,126,127,128,130,134,135,137,139,141,152,156,159,161,162,163,164,165,167,168,171,172,178,180,184,187,189,194,199,202,203,207,208,209,216,218,222,224,226,229,232,236,237,241,242,243,249,252,256,258,259,261,264,266,270,275,278,279,280,282,283,286,287,288,290,292,297,298,299,302,304,306,308,309,316,317,318,327,329,333,336,348,365,376,377,379,380,382,385,391,400,408,412,413,416,417,420,422,424,425,427,428,430,431,436,439,454,456,459,460,465,466,467,471,475,476,477,479,480,481,486,489,494,501,502,505,507,509,510,513,517,518,519,522,523,526,533,534,535,539,540,541,542,544,551,554,556,558,563,566,569,571,573,575,577,578,581,582,585,586,587,589,590,594,595,599,600,601,607,613,614,622,624,625,627,628,629,630,632,634,637,638,639,642,646,649,653,654,658,661,662,663,667,668,671,676,681,684,685,686,687,689,690,693,696,700,701,705,708,709,711,712,713,714,715,717,718,719,720,721,723,724,740,769,777
2002
6,8,9,13,15(2),17,18(2),21(2),23,24,26,27,29(2),30,31,34(2),39,42,43(2),44,46,47,49,50,51,53(2),54(2),56,57,58,61(2),62(2),63,64(2),65,66(2),67(2),71(2),72,73(2),74,76(2),78(2),81,82(2),83(2),84,86(2),87,90,91(2),92,94(2),96(2),97,98,101,102,103,104,105,106(2),107,108,109,110,112,113(2),114,120,121(2),123(2),124(2),126,128(2),130(2),131(2),133,134,136(2),138,139,140(2),141,142(2),143,144(2),145,147,148(2),149,151(2),152,153,154,155,156,159(2),161,164(2),166,168(2),169,170,171,172(2),173,174(2),176,177(2),178,179,180,181(2),183,184(2),185,186,188,189(2),191,193,195(2),196,197,199(2),202,203,204(2),205,207(2),208,209(2),211,212,213,214,216,217,218,219,222(2),224(2),226,227,229(2),230,231,232(2),233(2),235(2),236(2),238,239,241,242(2),244(2),246,247,248(2),249(2),251,252,254,255(2),256,257,258,259(2),260,261,262,263,264,266,267,268,269(2),271,272(2),273(2),274,275,276,277(2),278(2),282(2),283(2),284(2),285,286,287(2),288,289,290,291(2),292,293,297(2),298,299,300,302(2),303,306(2),307(2),308(2),309(2),310(2),311,312(2),315(2),316,317,318(2),320(2),321(2),323(2),324,325(2),327(2),328(2),329(2),330,331,337(2),338,339(2),340(2),343,347,348,350,353,355,356,357,363,366,373,376,377,378,380,382,383,387,388,389,394,395,396,397,398,401,402,403,405,406,407,409,411,414,415,416,419,422,423,424,427,432,433,435,436,437,439,441,443,446,447,448,449,452,453,454,456,458,459,461,462,464,468,469,472,473,474,476,477,480,482,485,489,492,493,494,498,499,508,512,518,519,527,531,533,535,538,539,540,541,542,544,545,546,547,548,554,556,557,558,561,564,566,568,572,574,576,577,578,579,585,587,588,589,591,592,593,596,601,602,608,609,611,613,614,616,626,629,630,631,634,642,643,649,650,651,652,653,654,656,657,658,659,662,663,664,666,668,670,672,674,677,678,679,682,684,685,688,689,691,692,694,695,701,702,706
2003
14,18,19,21,22,24,28,29,32,34,36,40,42,51,52,54,55,56,63,75,78,81,88,92,94,96,97,101,102,106,107,110,112,113,116,117,119,126,136,144,145,146,148,150,154,155,157,162,163,164,165,168,169,171,174,175,181,182,185,187,188,189,191,193,195,198,199,206,208,213,215,216,219,221,224,225,227,228,234,236,237,238,239,240,242,252,253,254,256,257,258,260,261,266,267,269,270,271,272,273,274,275,276,277,278,284,286,287,289,290,291,293,294,297,298,299,300,301,302,303,306,307,312,314,315,317,318,319,322,323,331,334,339,340,341,343,344,346,347,348,359,360,365,371,376,381,383,391,393,395,401,403,404,405,410,413,414,415,417,418,419,420,422,423,425,427,428,429,431,435,436,440,441,446,447,451,460,462,463,464,466,468,470,472,475,476,478,482,483,484,485,486,488,490,491,493,495,499,501,502,503,507,509,514,518,520,522,524,525,531,534,537,538,540,541,543,545,551,553,555,562,565,566,578,580,585,588,589,591,592,602,604,608,609,611,613,615,617,618,620,623,626,627,628,632,633,635,639,641,642,643,644,645,647,648,650,651,652,653,654,657,659,661,664,667,673,674,676,678,683,688,695,701,703,705,707,710,714
2004
2,3,4,5,6,9,12,13,14,16,17,18,21,22,23,24,27,29,33,34,36,38,39,41,42,46,47,48,50,51,53,54,55,56,57,58,59,60,61,62,63,64,65,68,69,71,74,75,76,77,79,81,83,84,85,87,88,89,90,91,92,93,94,96,97,99,101,102,104,105,106,107,108,109,111,112,113,114,116,118,119,121,122,123,124,126,127,129,130,131,132,133,134,135,137,138,139,141,142,144,145,146,147,148,149,150,151,152,154,155,157,159,162,163,164,166,167,169,170,172,173,174,175,176,177,178,179,181,182,184,186,187,188,192,193,195,196,197,198,199,202,203,204,207,208,210,211,212,213,216,217,218,219,222,223,224,225,226,227,228,229,231,232,233,234,236,237,238,240,242,244,245,246,247,248,250,251,252,253,254,255,257,258,259,260,261,262,263,264,265,266,269,271,273,276,279,280,281,282,283,285,287,288,289,290,291,292,293,296,297,298,299,300,301,302,303,304,305,306,307,308,309,310,311,312,313,314,315,316,317,318,319,320,321,322,323,325,326,327,328,332,333,334,336,337,339,340,342,343,344,345,346,347,348,349,350,351,352,353,354,355,356,357,358,359,360,361,362,363,600
2005
256,300,327,379,507,527,567,668
2006
101(2),102(6),103(6),104(5),105(3),106(6),107(5),108(5),109(8),110(3),111(6),112(6),113(7),114(6),115(5),116(2),117(5),118(6),119(5),120(4),121(4),122(4),123(5),124(5),125(5),126(6),127(5),128(6),129(6),130(4),131(3),132(8),133,134(5),135(3),136(5),137(8),139(7),140(3),141(6),143(7),144,145(3),146(5),147(5),148,149(6),150(5),151(3),152(4),153,154(8),155(5),156(8),157(3),158(5),159,160(4),161(8),162(6),163(8),164(2),165(4),166(3),167(3),168(7),169(3),170(6),171(3),172(2),173(3),174(7),175,176(5),177(3),178(5),179(5),180(3),181(7),182(3),183(5),184(7),185(9),186(5),187(4),188(4),189(5),190(5),191,192(6),193(8),194(2),195(7),196(2),197(3),198(4),199(5),201,202(3),204(2),206,207,208(2),209(2),211,213,214,215,216,217,218,219(2),220(2),223(3),226,227,228,229(2),230(2),231(2),233(2),234,235,238(2),239(2),240(2),243(3),244(2),245(4),249,252,256(2),257,259,260,261,264,269(2),270,271,272(2),274(2),275(3),276,277,278(2),279(2),280(2),281(3),282,285(3),286,288(2),289(2),290(3),292(2),296(8),298(7),299(9),300(4),301(7),302,303(2),304(3),305,306(7),308,309(8),310,311(3),314(8),315(8),316,317(2),318(7),319(3),320(6),322(7),323(2),324(9),325(8),327,329,330,429,450
2007
263,296
2008
20,110,111,130,136,165,217,346,373,374,381,386,413,421,437,442,443,464,480,499,501,502,506,513,525,548,550,551,554,559,569,574,583,604,607,611,630,634,636,643,659
2011
4,6(2),8,9,11(2),12,14,15(2),17(2),19(2),20,21,22,25,26,29,31,32,34,35,36,37,38,44,46,47,48,49,51,52,53,54,56,58,62(2),63,66,68,69,72,73(2),74,75(3),77,78,79,80,81(2),82,83,84(2),88,89(2),91,92,93,94,96(2),97(2),98,101,102,103,105,107,111,112(2),113,114,115,117,121,122,123,124,125,126,127,129(2),131,132(2),133,134,135,138(2),139,142,147,148,151(2),152,153,155,157,159(2),160,161(2),162,163,165,167(2),176,177,179(2),180(2),181,182,184,185(2),186,187(2),188,189,190,192,193,194,196,199,201(2),203,204(2),205(3),206,207(2),208,210(2),211,212,213,214,218(3),219,221,222,223,225,226,227,228,229,231(2),232,233(2),234,235(2),237,238(2),239,241,242,243(2),244,246(2),248,249(2),250,251,252,255,256,258(2),260,261,263,264(2),265,266(2),267,269(2),271(2),273,274(2),276,278(2),279(2),280,281,283,284,285,288,290,291(2),293(2),296,297,298(2),299,302,303(2),304,305,307,308,309,310,311,314,316(2),317,318(2),319,320,323,327,328
2014
20,39,77,89,222,266,294,309
2015
22,228,304,22,342,359,367,369,374(2),379,383,384,392,395,396,403,413,430,435,442,445(2),453,455,457,464(2),467,471,476,482,484,492,497(2),498,504,507,511,518(2),520,527,558,560,561(2),564,571,573,589,591,604(2),606(3),607,611,615,623,626,629,640,641,649,652,663,670,672,674,676,677(2),683,686,692,696(2),697
2016
10,19,21,46,54,189,246,293,310,318,360,459,467,487,506,513,581,611,620
